      0/99      5.6G   0.06387   0.00879   0.02285   0.09551        15       640     0.192    0.1183   0.01815  0.005465   0.09781   0.01127   0.02904
      1/99     5.67G   0.05723  0.006517   0.01677   0.08051        14       640    0.7121   0.07002   0.04014   0.01652   0.09555   0.01121   0.02717
      2/99     5.67G   0.05754  0.005968    0.0159   0.07941        12       640    0.1955    0.0935   0.01764  0.009008    0.1055    0.0109   0.03516
      3/99     5.67G   0.05284  0.006063   0.01498   0.07389         9       640    0.7195   0.06166   0.05035   0.02643    0.1039   0.01065   0.02945
      4/99     5.67G   0.04793  0.006119   0.01324   0.06728        19       640    0.5079    0.2587    0.1856   0.09216   0.08996   0.01074   0.02265
      5/99     5.67G   0.04354  0.006112   0.01205    0.0617         9       640    0.3249    0.2286    0.1546    0.0786   0.08898   0.01114   0.02293
      6/99     5.68G   0.04024  0.006207   0.01067   0.05712        25       640    0.7083    0.3505    0.3592    0.2114   0.07649   0.01025   0.01964
      7/99     5.68G   0.03887  0.006105   0.01024   0.05521        17       640    0.6651    0.3571    0.3784    0.2183   0.07867   0.01024   0.02404
      8/99     5.68G   0.03735  0.005925   0.00981   0.05309        10       640    0.4882      0.36    0.3581    0.2183   0.07593   0.01034   0.02104
      9/99     5.68G   0.03568  0.005771  0.008487   0.04994         8       640     0.565    0.4603    0.4638    0.2898    0.0692  0.009753   0.01819
     10/99     5.68G   0.03491  0.005493  0.008104    0.0485         4       640     0.757    0.4606    0.4936    0.3086   0.06856  0.009626   0.01672
     11/99     5.68G   0.03491  0.005645  0.007903   0.04846         8       640    0.8182    0.4132    0.4793    0.3064   0.06719   0.01025   0.01919
     12/99     5.68G   0.03422   0.00558  0.008072   0.04788         7       640    0.7995    0.4671    0.5073    0.3302   0.06549  0.009576    0.0174
     13/99     5.68G   0.03327  0.005355  0.007756   0.04638         5       640    0.5077    0.5514    0.5243    0.3442   0.06128   0.01027    0.0163
     14/99     5.68G   0.03269  0.005351  0.007273   0.04532         7       640    0.4723    0.5485    0.5111     0.329   0.06517  0.009686   0.01679
     15/99     5.68G    0.0322  0.005154   0.00708   0.04444         9       640    0.4685    0.5897    0.5419    0.3606   0.06869  0.008859   0.01738
     16/99     5.68G   0.03181  0.005035   0.00655    0.0434        10       640    0.6048    0.5284    0.5487    0.3567   0.06874  0.008767   0.01578
     17/99     5.68G   0.03193  0.005228  0.006545   0.04371         8       640    0.5623    0.5358    0.5413    0.3571   0.06465  0.009223   0.01701
     18/99     5.68G   0.03205  0.005235  0.006811   0.04409         3       640    0.5535    0.5625    0.5481    0.3641   0.06472   0.00949   0.01636
     19/99     5.68G   0.03097  0.005225  0.006342   0.04254        12       640    0.7565    0.5273    0.5696    0.3861   0.06026  0.009723   0.01519
     20/99     5.68G   0.03098  0.005149  0.005832   0.04196        11       640     0.765    0.5424    0.6066    0.4129    0.0578  0.009823   0.01397
     21/99     5.68G   0.03021  0.005039  0.006039   0.04129         6       640    0.5132    0.6447    0.6029    0.4046    0.0594  0.009854   0.01482
     22/99     5.68G   0.03023   0.00524  0.005926   0.04139        12       640    0.6115    0.5682    0.5938    0.4043   0.05806   0.00994   0.01389
     23/99     5.68G   0.03024  0.004937  0.005565   0.04074         8       640    0.5434    0.6365    0.6014    0.4096   0.05697   0.01016   0.01419
     24/99     5.68G   0.02945  0.004956  0.005667   0.04008         4       640     0.624    0.6063    0.6248    0.4308   0.05436      0.01    0.0131
     25/99     5.68G   0.02939  0.004957  0.005001   0.03935         9       640    0.7852     0.577    0.6221    0.4285   0.05545   0.01017   0.01345
     26/99     5.68G   0.02875  0.004873  0.005052   0.03868         9       640    0.6607    0.6153    0.6282    0.4315   0.05508   0.01025   0.01341
     27/99     5.68G   0.02833   0.00478  0.004881   0.03799        14       640    0.6162      0.65    0.6305    0.4343   0.05416   0.01042   0.01264
     28/99     5.68G   0.02891   0.00486  0.004931   0.03871        14       640    0.5568    0.6793    0.6311     0.435   0.05338   0.01031    0.0133
     29/99     5.68G   0.02822  0.004755  0.004603   0.03758         9       640    0.5517    0.6817    0.6483    0.4509   0.05326   0.01015   0.01212
     30/99     5.68G   0.02819  0.004738  0.004586   0.03751        13       640    0.6143    0.6242    0.6233    0.4267   0.05325   0.01062   0.01224
     31/99     5.68G   0.02782  0.004763  0.004284   0.03687         4       640    0.6083    0.6873     0.658    0.4587   0.05188   0.01019   0.01243
     32/99     5.68G   0.02738  0.004879   0.00433   0.03659         7       640    0.5925    0.6698    0.6496    0.4543   0.05042   0.01071   0.01243
     33/99     5.68G   0.02767  0.004711  0.004092   0.03647        10       640    0.6917    0.6751    0.6784    0.4752   0.04952   0.01057   0.01131
     34/99     5.68G    0.0272  0.004737  0.004135   0.03607        21       640    0.6204    0.7022    0.6617    0.4674   0.04893   0.01105   0.01129
     35/99     5.68G   0.02729  0.004742  0.004321   0.03635        11       640    0.6094    0.7235    0.6745    0.4706   0.04968   0.01092   0.01081
     36/99     5.68G   0.02696  0.004678  0.004069   0.03571         9       640    0.6632    0.6835     0.671    0.4689   0.04909   0.01122   0.01104
     37/99     5.68G   0.02681  0.004739  0.004193   0.03574         9       640    0.5927    0.7441    0.6834    0.4852   0.04977   0.01052   0.01097
     38/99     5.68G   0.02694   0.00467  0.003711   0.03532        15       640    0.6612    0.6831    0.6793    0.4867   0.04863   0.01093   0.01094
     39/99     5.68G   0.02645  0.004658  0.003886     0.035        28       640    0.6509    0.6799    0.6789    0.4791   0.04942   0.01108   0.01094
     40/99     5.68G   0.02631  0.004746  0.004149   0.03521        13       640    0.6563    0.6975    0.6843      0.49   0.04987   0.01087   0.01067
     41/99     5.68G   0.02641  0.004603  0.003975   0.03499        10       640    0.6464    0.7084    0.6895    0.4895    0.0479   0.01122   0.01116
     42/99     5.68G   0.02608   0.00464  0.003776   0.03449        11       640    0.6799    0.7031     0.684    0.4891   0.04713   0.01129   0.01085
     43/99     5.68G   0.02577  0.004644  0.003566   0.03398        14       640    0.6079    0.7446    0.6965    0.4928   0.04672   0.01134   0.01055
     44/99     5.68G   0.02509  0.004542    0.0035   0.03313         7       640    0.6852    0.6951    0.6877    0.4912   0.04704   0.01072   0.01042
     45/99     5.68G   0.02479  0.004586  0.003447   0.03282        18       640    0.6944    0.7137    0.7045    0.5042   0.04666    0.0108   0.01053
     46/99     5.68G   0.02533  0.004586  0.003714   0.03363        10       640    0.6708    0.7131     0.706    0.5068   0.04647   0.01098   0.01035
     47/99     5.68G    0.0252  0.004542   0.00325   0.03299        22       640    0.6706    0.7488    0.7138     0.509   0.04707    0.0109   0.01013
     48/99     5.68G   0.02481  0.004521  0.003206   0.03254         9       640    0.6861    0.7075    0.6995    0.5144   0.04576   0.01113   0.01015
     49/99     5.68G    0.0247  0.004479  0.003211   0.03238        11       640    0.7033    0.6958    0.7031    0.5073   0.04562   0.01117   0.01009
     50/99     5.68G   0.02444    0.0045  0.003186   0.03212        15       640     0.678    0.7253    0.6991    0.5052   0.04454   0.01135  0.009935
     51/99     5.68G    0.0247  0.004471   0.00287   0.03204        16       640    0.6931    0.7195    0.7151    0.5179   0.04453   0.01109   0.00988
     52/99     5.68G   0.02406  0.004449  0.002841   0.03135        11       640    0.7124    0.7333    0.7202    0.5262   0.04394   0.01118  0.009949
     53/99     5.68G     0.024   0.00438  0.002734   0.03111        13       640    0.7238    0.7153    0.7156    0.5252   0.04422   0.01131  0.009928
     54/99     5.68G   0.02419  0.004398  0.002793   0.03138        14       640    0.7489    0.6805    0.7143    0.5192   0.04382   0.01133  0.009945
     55/99     5.68G   0.02414  0.004415  0.002685   0.03124        11       640    0.7447    0.7114    0.7217    0.5342   0.04375   0.01121  0.009825
     56/99     5.68G   0.02405  0.004362  0.003002   0.03141         8       640    0.7618     0.694    0.7206    0.5279   0.04247   0.01146  0.009974
     57/99     5.68G   0.02364  0.004565  0.003005   0.03121        12       640     0.754    0.7002    0.7317    0.5346   0.04309   0.01136  0.009682
     58/99     5.68G   0.02369  0.004422  0.002698   0.03081        12       640    0.7283    0.6963    0.7102    0.5252   0.04318   0.01129  0.009528
     59/99     5.68G   0.02337  0.004468  0.002682   0.03051        15       640    0.7138    0.7342    0.7158    0.5282   0.04303   0.01135  0.009739
     60/99     5.68G   0.02338  0.004388  0.002598   0.03037        10       640    0.7734    0.7137    0.7389    0.5427   0.04171   0.01157  0.009655
     61/99     5.68G    0.0232  0.004458  0.002565   0.03022         8       640    0.7589    0.7008    0.7307     0.538   0.04169   0.01149  0.009499
     62/99     5.68G    0.0226  0.004352  0.002557   0.02951        12       640    0.7915    0.7062     0.743    0.5489   0.04133   0.01161  0.009571
     63/99     5.68G    0.0224  0.004289  0.002207   0.02889         6       640       0.7    0.7777    0.7432    0.5502   0.04162   0.01142  0.009261
     64/99     5.68G   0.02258  0.004279  0.002184   0.02905        13       640    0.7288    0.7437    0.7377    0.5465   0.04194   0.01136  0.009563
     65/99     5.68G   0.02265  0.004336  0.002292   0.02928         6       640    0.7561    0.7404    0.7385    0.5482   0.04181   0.01139  0.009137
     66/99     5.68G   0.02224  0.004269  0.002232   0.02874        15       640    0.7349    0.7413    0.7363    0.5429   0.04171   0.01152  0.009427
     67/99     5.68G   0.02234   0.00432  0.002486   0.02915         8       640    0.7437    0.7379    0.7426    0.5539    0.0409    0.0117   0.00913
     68/99     5.68G   0.02207  0.004235  0.002497    0.0288         7       640     0.714    0.7822    0.7538    0.5636    0.0409   0.01167  0.009321
     69/99     5.68G   0.02186  0.004274  0.002333   0.02846        14       640    0.7235    0.7604    0.7432    0.5529   0.04118   0.01168  0.009123
     70/99     5.68G   0.02186  0.004245  0.002183   0.02829        17       640    0.7496    0.7671    0.7563    0.5678   0.04106   0.01149  0.008882
     71/99     5.68G   0.02172  0.004202  0.002074     0.028        19       640    0.7355    0.7544    0.7389    0.5487    0.0406   0.01155  0.009098
     72/99     5.68G   0.02136  0.004152  0.002084    0.0276         6       640    0.7467    0.7556    0.7401    0.5539   0.04039   0.01159  0.008945
     73/99     5.68G   0.02162  0.004183  0.002172   0.02798        10       640    0.7237    0.7573    0.7409     0.556    0.0403   0.01157  0.008813
     74/99     5.68G   0.02124  0.004079   0.00192   0.02724        16       640    0.7438    0.7444    0.7384    0.5513   0.03975   0.01174  0.008848
     75/99     5.68G   0.02112  0.004108   0.00205   0.02728        12       640    0.7748    0.7326    0.7489     0.561   0.04006   0.01166  0.009053
     76/99     5.68G   0.02132  0.004139  0.002212   0.02767        13       640    0.7953    0.7267    0.7473    0.5592   0.03965   0.01163  0.008834
     77/99     5.68G   0.02096  0.004111  0.002124    0.0272        11       640    0.7736    0.7408    0.7497    0.5627   0.03906   0.01176  0.008641
     78/99     5.68G   0.02133  0.004158  0.002023   0.02752         6       640    0.7246    0.7616    0.7469    0.5569   0.03963   0.01176  0.008688
     79/99     5.68G   0.02093   0.00415  0.001849   0.02693        12       640    0.7454    0.7573    0.7499      0.56   0.03929   0.01171  0.008703
     80/99     5.68G   0.02096  0.004176  0.001861     0.027        14       640    0.7784    0.7571    0.7509    0.5635   0.03933   0.01169  0.008768
     81/99     5.68G   0.02062   0.00427  0.001881   0.02677        19       640    0.7455    0.7643    0.7463    0.5612   0.03891    0.0118  0.008656
     82/99     5.68G   0.02082  0.004241  0.002073   0.02714         9       640    0.7699    0.7629    0.7462    0.5577   0.03898    0.0117  0.008563
     83/99     5.68G   0.02061  0.004163  0.001916   0.02669        15       640    0.7742    0.7455    0.7522    0.5618   0.03913   0.01169   0.00837
     84/99     5.68G    0.0205   0.00419  0.001936   0.02662        20       640    0.7374    0.7845    0.7508    0.5633   0.03857    0.0118  0.008331
     85/99     5.68G   0.02013  0.004127  0.001794   0.02605        13       640    0.7718    0.7529    0.7522    0.5638    0.0389    0.0117  0.008451
     86/99     5.68G    0.0204  0.004192  0.001969   0.02656        15       640    0.7637    0.7607    0.7476    0.5634   0.03879   0.01159  0.008472
     87/99     5.68G   0.02003  0.004192  0.001867   0.02609        15       640    0.7576    0.7708    0.7507    0.5615   0.03842   0.01157  0.008299
     88/99     5.68G   0.02004  0.004133  0.001749   0.02593        15       640     0.744    0.7729      0.75    0.5659   0.03793   0.01171  0.008327
     89/99     5.68G   0.01981   0.00413  0.001836   0.02578        15       640    0.7541    0.7696    0.7537    0.5689   0.03818   0.01162  0.008317
     90/99     5.68G   0.01989  0.004064  0.001805   0.02576        14       640    0.7623    0.7315    0.7507    0.5653     0.038   0.01161  0.008485
     91/99     5.68G   0.01983  0.004049   0.00175   0.02563        22       640    0.7389     0.775    0.7566    0.5729   0.03825    0.0115  0.008078
     92/99     5.68G   0.01997  0.004179  0.001839   0.02598        11       640     0.743    0.7654    0.7559    0.5712   0.03849   0.01151  0.008075
     93/99     5.68G   0.01977  0.003966  0.001652   0.02539        11       640    0.7335    0.7736    0.7589    0.5752   0.03801    0.0115  0.008128
     94/99     5.68G   0.01973  0.004104  0.001645   0.02548         9       640    0.7358    0.7858    0.7578    0.5729   0.03798    0.0115  0.008283
     95/99     5.68G   0.01948  0.004036  0.001731   0.02525        10       640    0.7209    0.7758    0.7505    0.5632   0.03767   0.01155  0.008196
     96/99     5.68G   0.01952  0.004041  0.001697   0.02525         8       640    0.7182    0.7807    0.7517    0.5684   0.03753   0.01157  0.008167
     97/99     5.68G   0.01942  0.003941  0.001715   0.02507        15       640    0.7226    0.8078    0.7641    0.5769   0.03727    0.0116  0.008004
     98/99     5.68G   0.01974  0.004033  0.001728    0.0255        13       640    0.7309    0.7829    0.7603    0.5727   0.03719   0.01155  0.007968
     99/99     5.68G   0.01935  0.004033  0.001657   0.02504        10       640     0.754    0.7656    0.7576    0.5712   0.03728   0.01152  0.008072
